<?xml version="1.0"?>
<opencv_storage>
<cameraMatrix_0 type_id="opencv-matrix">
  <rows>3</rows>
  <cols>3</cols>
  <dt>d</dt>
  <data>
    1.0941440576815753e+03 0. 1.0006779570737990e+03 0.
    1.1383136777755417e+03 5.4739673808938790e+02 0. 0. 1.</data></cameraMatrix_0>
<distCoeffs_0 type_id="opencv-matrix">
  <rows>1</rows>
  <cols>5</cols>
  <dt>d</dt>
  <data>
    2.3995613674405305e-02 -5.9021144518241607e-02
    -4.8903061175730615e-06 2.7440027671969958e-03
    1.4643710180748509e-02</data></distCoeffs_0>
<optimal_matrix_0 type_id="opencv-matrix">
  <rows>3</rows>
  <cols>3</cols>
  <dt>d</dt>
  <data>
    1.0669559326171875e+03 0. 1.0129329931275934e+03 0.
    1.0998105468750000e+03 5.4710819039825583e+02 0. 0. 1.</data></optimal_matrix_0>
<cameraMatrix_1 type_id="opencv-matrix">
  <rows>3</rows>
  <cols>3</cols>
  <dt>d</dt>
  <data>
    1.0952913057550961e+03 0. 9.9075540225626867e+02 0.
    1.1387484667575177e+03 5.2021052269752317e+02 0. 0. 1.</data></cameraMatrix_1>
<distCoeffs_1 type_id="opencv-matrix">
  <rows>1</rows>
  <cols>5</cols>
  <dt>d</dt>
  <data>
    2.7857737137428881e-02 -7.1122832662165736e-02
    -6.6087288144309783e-04 2.7826316327231233e-03
    2.9018917039716929e-02</data></distCoeffs_1>
<optimal_matrix_1 type_id="opencv-matrix">
  <rows>3</rows>
  <cols>3</cols>
  <dt>d</dt>
  <data>
    1.0763769531250000e+03 0. 1.0000097068719333e+03 0.
    1.1127099609375000e+03 5.1828290914854733e+02 0. 0. 1.</data></optimal_matrix_1>
<cameraMatrix0 type_id="opencv-matrix">
  <rows>3</rows>
  <cols>3</cols>
  <dt>d</dt>
  <data>
    1.0941440576815753e+03 0. 1.0006779570737990e+03 0.
    1.1383136777755417e+03 5.4739673808938790e+02 0. 0. 1.</data></cameraMatrix0>
<distCoeffs0 type_id="opencv-matrix">
  <rows>1</rows>
  <cols>5</cols>
  <dt>d</dt>
  <data>
    2.3995613674405305e-02 -5.9021144518241607e-02
    -4.8903061175730615e-06 2.7440027671969958e-03
    1.4643710180748509e-02</data></distCoeffs0>
<cameraMatrix1 type_id="opencv-matrix">
  <rows>3</rows>
  <cols>3</cols>
  <dt>d</dt>
  <data>
    1.0952913057550961e+03 0. 9.9075540225626867e+02 0.
    1.1387484667575177e+03 5.2021052269752317e+02 0. 0. 1.</data></cameraMatrix1>
<distCoeffs1 type_id="opencv-matrix">
  <rows>1</rows>
  <cols>5</cols>
  <dt>d</dt>
  <data>
    2.7857737137428881e-02 -7.1122832662165736e-02
    -6.6087288144309783e-04 2.7826316327231233e-03
    2.9018917039716929e-02</data></distCoeffs1>
<R_mat type_id="opencv-matrix">
  <rows>3</rows>
  <cols>3</cols>
  <dt>d</dt>
  <data>
    9.9999626853869383e-01 1.5289954802483172e-04 2.7275502592530171e-03
    -1.5711561213644138e-04 9.9999879323921892e-01
    1.5455855816760792e-03 -2.7273106484154664e-03
    -1.5460083551118975e-03 9.9999508580532193e-01</data></R_mat>
<T_mat type_id="opencv-matrix">
  <rows>3</rows>
  <cols>1</cols>
  <dt>d</dt>
  <data>
    -2.4614260462576578e+01 7.0698240818410099e-02
    4.3217803980899094e-01</data></T_mat>
<E_mat type_id="opencv-matrix">
  <rows>3</rows>
  <cols>3</cols>
  <dt>d</dt>
  <data>
    -1.2491414773177392e-04 -4.3228681834447902e-01
    7.0029925246445510e-02 3.6504569249090113e-01
    -3.7987772503090780e-02 2.4615318290633333e+01
    -6.6830692410796533e-02 -2.4614241568781463e+01
    -3.8236279079650923e-02</data></E_mat>
<F_mat type_id="opencv-matrix">
  <rows>3</rows>
  <cols>3</cols>
  <dt>d</dt>
  <data>
    -2.0549541398511862e-10 -6.8355749510338829e-07
    5.0043446816629763e-04 5.7761647025371465e-07
    -5.7776166195482142e-08 4.2069580951093276e-02
    -4.2069787237108302e-04 -4.1923081211934395e-02 1.</data></F_mat>
<cam0_rectify type_id="opencv-matrix">
  <rows>3</rows>
  <cols>3</cols>
  <dt>d</dt>
  <data>
    9.9988636933986352e-01 -2.6917733368476901e-03
    -1.4832490170196177e-02 2.7032553167283067e-03
    9.9999606185264800e-01 7.5411530135389418e-04 1.4830401850203194e-02
    -7.9412561864728880e-04 9.9988970819058998e-01</data></cam0_rectify>
<cam1_rectify type_id="opencv-matrix">
  <rows>3</rows>
  <cols>3</cols>
  <dt>d</dt>
  <data>
    9.9984177036923083e-01 -2.8717927304514669e-03
    -1.7555256518646246e-02 2.8582010629028586e-03
    9.9999559592274212e-01 -7.9926328820489867e-04
    1.7557474522441038e-02 7.4896036822878851e-04 9.9984557514986316e-01</data></cam1_rectify>
<cam0_proj type_id="opencv-matrix">
  <rows>3</rows>
  <cols>4</cols>
  <dt>d</dt>
  <data>
    1.1850880986593681e+03 0. 1.0475768280029297e+03 0. 0.
    1.1850880986593681e+03 5.3334083557128906e+02 0. 0. 0. 1. 0.</data></cam0_proj>
<cam1_proj type_id="opencv-matrix">
  <rows>3</rows>
  <cols>4</cols>
  <dt>d</dt>
  <data>
    1.1850880986593681e+03 0. 1.0387584991455078e+03
    -2.9174683430888410e+04 0. 1.1850880986593681e+03
    5.3334083557128906e+02 0. 0. 0. 1. 0.</data></cam1_proj>
<cam_Q_mat type_id="opencv-matrix">
  <rows>4</rows>
  <cols>4</cols>
  <dt>d</dt>
  <data>
    1. 0. 0. -1.0475768280029297e+03 0. 1. 0. -5.3334083557128906e+02 0.
    0. 0. 1.1850880986593681e+03 0. 0. 4.0620427003662626e-02
    -3.5820428364719692e-01</data></cam_Q_mat>
<validPixROI0 type_id="opencv-matrix">
  <rows>4</rows>
  <cols>1</cols>
  <dt>d</dt>
  <data>
    0. 0. 1920. 1080.</data></validPixROI0>
<validPixROI1 type_id="opencv-matrix">
  <rows>4</rows>
  <cols>1</cols>
  <dt>d</dt>
  <data>
    0. 0. 1920. 1080.</data></validPixROI1>
<img_size type_id="opencv-matrix">
  <rows>2</rows>
  <cols>1</cols>
  <dt>d</dt>
  <data>
    1920. 1080.</data></img_size>
</opencv_storage>
