<?xml version="1.0"?>
<opencv_storage>
<camera_matrix type_id="opencv-matrix">
  <rows>3</rows>
  <cols>3</cols>
  <dt>d</dt>
  <data>
    8.3828084269891679e+02 0. 1.1450012115223444e+03 0.
    8.2712735583453127e+02 5.0973346367058912e+02 0. 0. 1.</data></camera_matrix>
<optimal_matrix type_id="opencv-matrix">
  <rows>3</rows>
  <cols>3</cols>
  <dt>d</dt>
  <data>
    8.1512719726562500e+02 0. 1.1934830223073368e+03 0.
    7.9367901611328125e+02 5.2477738551837683e+02 0. 0. 1.</data></optimal_matrix>
<distortion type_id="opencv-matrix">
  <rows>1</rows>
  <cols>5</cols>
  <dt>d</dt>
  <data>
    3.7615010572985652e-03 1.7015842056178811e-02 5.2364114661358910e-03
    1.1125640033342720e-02 -7.6486423075386445e-03</data></distortion>
</opencv_storage>
